27 7.684576074 0.949289266405
39 7.95624376812 1.16992484016
24 9.23039589829 0.639231133759
37 6.6013348345 1.31045052233
34 6.27966648583 1.06083382209
29 8.6776767076 0.674241462303
27 7.77517229882 0.810277608259
36 6.93161340807 1.04692718669
33 8.2882274292 0.676849075107
21 9.57168489687 0.621320157171
28 7.62187758247 0.981568438011
36 7.54843251937 1.00110307651
19 8.76354138817 0.714216695313
24 8.07976895967 0.58633894644
30 8.68753075132 0.768934415945
23 7.31492662619 0.838850454783
29 8.50293151537 0.767716939361
21 10.0432134707 0.467549883448
11 10.9955239363 0.291920185459
27 7.84306117616 0.785558270304
27 10.0820886791 0.487250161819
22 9.30655312693 0.773823006433
23 8.29844001921 0.678979331283
15 11.4166238453 0.268521711437
7 12.6787732752 0.171902963865
17 9.37897650682 0.555823684666
18 10.0562759303 0.500379386055
15 9.35498956908 0.434236842181
7 11.9507444553 0.226943283311
16 10.8481051682 0.377758024194
7 13.3572944174 0.0936102371892
12 10.5442713004 0.405912721797
9 12.4739952722 0.150258133044
5 12.9079847242 0.0978779778114
12 10.2934016204 0.351709525183
4 13.1790030011 0.109834470728
7 12.7984865003 0.160100850878
11 9.98879197813 0.413804153888
5 11.5708134284 0.244470022974
6 12.5866852482 0.121627405106
8 11.1946920362 0.242898994028
11 10.5515838836 0.356027371292
7 13.6510026075 0.0487068338622
5 11.9743473407 0.172084616424
11 11.901904106 0.278975587753
8 12.2350927877 0.192432950336
13 11.0220654876 0.468986173565
9 11.3000583646 0.243565295533
15 11.5754934763 0.286977298869
8 11.6846162021 0.248205361059
6 13.5565159776 0.0554167021198
6 12.1948546918 0.237098285217
10 11.3174798252 0.319324158075
7 13.2507886989 0.0858053521067
9 11.2777743604 0.27756546865
7 10.7691629058 0.367419386633
14 11.004565075 0.387520828071
8 12.3485324116 0.174624937575
10 11.313973086 0.417164302799
7 12.3481487203 0.151363758806
7 13.1541048865 0.0862816827341
8 11.2136752587 0.299515946431
4 11.5031121106 0.184702219009
13 12.9340003628 0.145650724813
14 11.3454894967 0.289338004497
15 10.498258988 0.45427927384
13 11.7017360839 0.273264952717
17 10.4427399994 0.548861147817
10 11.2763118484 0.451308505267
15 12.0943898934 0.256100060033
20 9.25179898955 0.715253329181
26 6.74935113054 1.02170969286
28 9.37651936714 0.651089705386
41 8.15584055475 1.18441401223
40 6.06546749252 1.40831115818
53 8.44388631496 0.912721466718
39 8.48866938202 0.987574847104
54 5.23052153933 1.94888113124
81 5.65169664545 2.44364386199
91 6.34557486295 1.61045202025
92 3.51644242539 3.35061233096
143 4.98916494198 4.41669648174
129 4.07446932379 2.70828990793
123 2.84894444579 4.37517716397
174 3.72460972497 5.86135646527
177 5.81818529189 3.20802049545
204 2.64188535814 7.66320731292
250 3.91335698343 8.15836300669
259 4.41890899954 5.60093333086
211 2.74962616717 7.10306920008
256 3.21880618912 10.0371756212
272 4.79013615597 5.15459639155
209 2.72033262769 7.6096632445
236 3.1091524878 8.62807397114
228 5.29079324903 3.94391395312
239 3.11827145892 8.52424601878
220 2.85155103798 9.24230289014
240 4.20726777637 5.65969868265
194 4.47151310212 5.11578872254
225 2.61924724649 8.82348612971
252 4.49979374604 5.97199914491
205 4.61611324389 5.42796523473
172 2.52812669644 7.60226914906
182 5.6011764376 4.39883452218
177 3.83103432434 3.4813715871
213 2.47153991842 8.17620673515
180 2.44996102315 7.37664945763
160 2.70133252716 6.18740426685
185 4.17072472548 5.36769692508
171 4.85712613782 3.42035024518
150 5.94633747941 2.22431087235
149 3.42096125433 3.64848091161
133 2.82626455784 5.14463849497
153 2.58480071982 5.83764209095
160 3.04486284952 5.14326546618
149 5.71607096023 3.49415154496
152 5.32841319652 2.66090100965
134 4.16509409128 2.57983468801
134 2.83574696694 4.69370072771
116 2.97263902256 5.4479841109
157 3.58984091903 5.36519009249
121 5.55380893065 3.47960177732
146 6.41553396882 2.47171877667
144 5.51839265 2.56861398414
118 4.35515795889 2.98648634693
116 3.26223846416 4.6909339938
113 3.34867698545 4.14031896362
137 3.16728700248 3.99630156591
144 4.81355634517 2.95881819351
120 5.81851797535 1.88683955146
139 3.22611952351 4.21409086345
118 2.14172654575 4.97252482857
131 3.09764473557 5.92732628692
135 4.91078814025 3.65636342885
130 4.45809734592 3.26252095827
103 4.33019570257 2.01493157331
129 4.66521446131 3.34705410825
106 4.46573924214 3.7151865334
130 3.25142704953 4.78522714761
118 4.16054327748 4.21806432498
137 4.64477063334 3.08253119434
128 6.28665041509 2.10648288091
110 5.46346886652 1.80872690847
118 2.42743478609 4.30674249505
135 3.12787780141 5.5406262362
137 3.13409108332 4.76011142082
125 4.9044637279 3.26602878149
133 6.33546027467 2.33630391203
117 4.99632619187 2.36871683011
106 3.55580043223 3.36012242133
136 2.63191156247 5.51515537724
145 3.15364581415 5.05545260317
137 4.96011883468 3.63267514472
127 5.83401082948 2.55909742904
124 6.66107849188 1.99680735894
129 4.38721322421 3.452310607
128 3.23947316443 4.78089459396
143 3.24301947516 5.32152619106
158 3.74591513574 4.65816154495
115 4.93216753681 2.94099245377
140 5.73479912391 2.21781798484
141 3.5251931645 3.26553355203
134 2.33304430586 5.82087542921
132 3.18459422677 5.1644520612
122 4.22439334101 3.8969325084
154 4.89778809599 3.72708706459
136 5.56102447705 2.45829258547
141 3.99945103718 2.82316247113
117 3.07420297855 4.32804438752
135 2.64508240806 6.39640068887
130 3.62702438243 4.30164517312
145 4.96196940996 3.78815683348
140 5.30007277699 2.56070439032
149 4.47970000265 2.70128713036
124 2.94520902002 4.78863572018
147 2.26247039919 6.03523249111
134 3.18665249043 5.09798887194
146 4.80616250085 4.01295984212
171 5.49232679925 3.32582837997
141 4.38976257877 2.52139167436
126 3.44210902985 3.46021679409
105 2.9675129975 4.17957249682
168 2.72767061961 7.13958013639
148 4.52594104696 4.70263527953
165 5.74493163719 3.56527127894
145 5.66096512241 2.25897781179
157 3.67191662367 4.11404271346
153 2.91409299632 6.25487435751
161 2.70301525723 6.82244245909
155 4.24208556309 4.74888443486
182 5.4001217945 3.96489625328
162 5.00175905734 2.86139772495
155 4.17994230163 3.13404265953
131 2.52202279049 5.25919719733
190 2.20479072703 7.98110966769
182 3.72774098579 6.17764110398
176 4.89036367308 4.72416376149
168 4.38866712396 3.0133353279
168 4.48025985922 2.88132982609
185 2.61830228705 6.69451848848
188 2.47217080578 8.69554057561
216 2.92960083179 7.4567785538
189 3.8007643977 5.07890824454
223 4.40552367847 4.29092612486
191 4.46439024493 3.29377572919
180 3.30165595577 5.34411691012
181 2.20112832894 9.02605056304
233 2.23660969664 11.0473160983
261 3.54000042729 11.1055189759
213 3.53654575612 9.69645680496
178 3.26523642904 9.93257002876
202 2.59918760979 11.1137384271
240 1.87569132122 15.2669470769
206 1.90222000574 13.8849734376
218 2.97705954995 11.2023464735
219 3.15877558949 11.4189401136
204 4.52063270863 8.87251756685
185 2.72975768695 9.138484971
202 1.79954982622 11.639946779
207 2.02204479173 10.1279235385
172 3.03958001956 6.23103902014
181 5.10585923432 4.33505530044
176 4.63857201418 3.54897845243
118 6.86575041371 2.15730968569
119 5.49128097083 3.41884919973
111 4.8556804969 4.35433510399
118 4.8026047107 4.65839611024
99 5.19342191825 3.63445421339
107 5.04040219692 3.54499161067
102 4.84245090188 4.09273942486
97 4.72330563998 3.75939364911
106 5.4931784968 3.97069771638
102 5.44762567487 3.56167967527
92 4.80599839514 3.35773389359
86 5.73478397662 2.57382885213
76 6.13466082562 2.88641570896
107 5.9106444864 3.60546466895
93 5.4570543086 3.17845086796
87 5.89667661613 2.79866822939
76 5.61803993208 2.62994452404
90 6.67321754242 2.75480150128
71 6.39094127391 1.99479605554
92 6.41142687561 2.47230404446
71 7.48795936173 2.03058734258
92 6.68928540441 2.4726480862
92 6.9681604758 2.34309331899
81 7.86490964605 1.68846333728
75 6.77207125049 1.82941894723
74 6.1099325561 1.80801937784
85 6.52152081702 1.97780844214
83 6.34458686074 1.86719939208
61 7.63965531332 1.42416924689
73 6.76761109726 1.81111336157
75 7.07053855891 1.57083915923
69 6.81158709973 1.45630939245
69 9.12884826695 0.958550381584
56 8.07277826376 0.984398470616
86 7.30800054495 1.3490705954
62 6.75676990682 1.13680353586
69 9.13563161215 0.952572720465
79 5.37228831786 1.50878443376
61 6.68144402951 1.18606350442
48 7.28008233976 0.974306134585
50 9.52238952531 0.757195296479
55 9.79261919998 0.896176008122
57 6.3321820908 1.56056809699
50 6.6705974543 1.41786356678
61 5.68283753932 1.89104225141
36 7.04541913528 1.02409831368
41 6.6223506753 1.33221904752
35 7.0666099047 0.911927118656
43 6.87864804081 1.56651587855
48 6.0748501378 1.6878966829
44 6.66661141909 1.43126394436
28 7.21355924112 1.10687511273
42 6.54670584335 1.47160915609
30 9.88596208669 1.00874804255
33 8.82360569293 1.06570663725
45 7.06072371628 1.6926158315
12 9.91580554096 0.483714215365
35 7.71399422898 1.31525255923
29 8.96580580635 1.01320039432
29 8.57880822183 0.835127676823
25 9.44695610085 0.718424131167
23 10.3380428744 0.563932861619
15 11.2404306239 0.461408658685
15 11.7048210915 0.378834333224
14 12.6046438429 0.207332871185
